1749 1 58
1749 2 62
1749 3 70
1749 4 55
1749 5 85
1749 6 83
1749 7 94
1749 8 66
1749 9 75
174910 75
174911158
174912 85
1750 1 73
1750 2 75
1750 3 89
1750 4 88
1750 5 90
1750 6100
1750 7 85
1750 8103
1750 9 91
175010 65
175011 63
175012 75
1751 1 70
1751 2 43
1751 3 45
1751 4 56
1751 5 60
1751 6 50
1751 7 66
1751 8 59
1751 9 23
175110 23
175111 28
175112 44
1752 1 35
1752 2 50
1752 3 71
1752 4 59
1752 5 59
1752 6 39
1752 7 78
1752 8 29
1752 9 27
175210 46
175211 37
175212 40
1753 1 44
1753 2 32
1753 3 45
1753 4 38
1753 5 36
1753 6 31
1753 7 22
1753 8 39
1753 9 28
175310 25
175311 20
175312  6
1754 1  0
1754 2  3
1754 3  1
1754 4 13
1754 5 20
1754 6 26
1754 7 18
1754 8 12
1754 9  8
175410 24
175411 13
175412  4
1755 1 10
1755 2 11
1755 3  6
1755 4  6
1755 5  0
1755 6  0
1755 7  8
1755 8  3
1755 9 17
175510 23
175511  6
175512 20
1756 1 12
1756 2  7
1756 3  5
1756 4  9
1756 5 12
1756 6 12
1756 7  3
1756 8  6
1756 9 11
175610 14
175611 17
175612  9
1757 1 14
1757 2 21
1757 3 26
1757 4 30
1757 5 38
1757 6 12
1757 7 25
1757 8 51
1757 9 39
175710 32
175711 64
175712 33
1758 1 37
1758 2 52
1758 3 49
1758 4 72
1758 5 46
1758 6 45
1758 7 44
1758 8 38
1758 9 62
175810 37
175811 43
175812 43
1759 1 48
1759 2 44
1759 3 46
1759 4 47
1759 5 49
1759 6 50
1759 7 51
1759 8 71
1759 9 77
175910 59
175911 46
175912 57
1760 1 67
1760 2 59
1760 3 74
1760 4 58
1760 5 72
1760 6 48
1760 7 66
1760 8 75
1760 9 61
176010 50
176011 59
176012 61
1761 1 70
1761 2 91
1761 3 80
1761 4 71
1761 5107
1761 6 99
1761 7 94
1761 8 91
1761 9100
176110 88
176111 89
176112 46
1762 1 43
1762 2 72
1762 3 45
1762 4 60
1762 5 39
1762 6 77
1762 7 33
1762 8 67
1762 9 68
176210 69
176211 77
176212 77
1763 1 56
1763 2 31
1763 3 34
1763 4 32
1763 5 32
1763 6 35
1763 7 54
1763 8 26
1763 9 68
176310 46
176311 60
176312 61
1764 1 59
1764 2 59
1764 3 40
1764 4 34
1764 5 44
1764 6 30
1764 7 30
1764 8 30
1764 9 28
176410 28
176411 26
176412 25
1765 1 24
1765 2 26
1765 3 25
1765 4 22
1765 5 20
1765 6 20
1765 7 27
1765 8 29
1765 9 16
176510 14
176511 14
176512 13
1766 1 12
1766 2 11
1766 3 36
1766 4  6
1766 5 26
1766 6  3
1766 7  3
1766 8  4
1766 9  4
176610  5
176611  5
176612 19
1767 1 27
1767 2 30
1767 3 43
1767 4 32
1767 5 29
1767 6 33
1767 7 21
1767 8 40
1767 9 42
176710 44
176711 54
176712 53
1768 1 53
1768 2 66
1768 3 46
1768 4 42
1768 5 77
1768 6 77
1768 7 52
1768 8 66
1768 9 74
176810 77
176811 90
176812111
1769 1 73
1769 2 64
1769 3 64
1769 4 96
1769 5 73
1769 6 94
1769 7118
1769 8120
1769 9148
176910158
176911148
176912112
1770 1104
1770 2142
1770 3 80
1770 4 51
1770 5 70
1770 6 83
1770 7109
1770 8126
1770 9104
177010103
177011132
177012102
1771 1 36
1771 2 46
1771 3 46
1771 4 64
1771 5152
1771 6119
1771 7 67
1771 8 58
1771 9101
177110 90
177111 99
177112 95
1772 1100
1772 2 90
1772 3 31
1772 4 92
1772 5 38
1772 6 57
1772 7 77
1772 8 56
1772 9 50
177210 78
177211 61
177212 64
1773 1 54
1773 2 29
1773 3 51
1773 4 32
1773 5 41
1773 6 28
1773 7 27
1773 8 12
1773 9 29
177310 26
177311 40
177312 43
1774 1 46
1774 2 65
1774 3 55
1774 4 43
1774 5 51
1774 6 28
1774 7 17
1774 8  6
1774 9  7
177410 14
177411 17
177412 12
1775 1  4
1775 2  0
1775 3 11
1775 4 11
1775 5  3
1775 6 12
1775 7  1
1775 8  7
1775 9  3
177510  5
177511 15
177512  7
1776 1 21
1776 2 11
1776 3  6
1776 4 21
1776 5 11
1776 6 19
1776 7  1
1776 8 24
1776 9 16
177610 30
177611 35
177612 40
1777 1 45
1777 2 36
1777 3 39
1777 4 95
1777 5 80
1777 6 80
1777 7 95
1777 8112
1777 9116
177710106
177711146
177712157
1778 1177
1778 2109
1778 3134
1778 4145
1778 5238
1778 6171
1778 7153
1778 8140
1778 9171
177810156
177811150
177812105
1779 1114
1779 2165
1779 3118
1779 4145
1779 5140
1779 6113
1779 7143
1779 8112
1779 9111
177910124
177911114
177912110
1780 1 70
1780 2 98
1780 3 98
1780 4 95
1780 5107
1780 6 88
1780 7 86
1780 8 86
1780 9 93
178010 77
178011 60
178012 58
1781 1 98
1781 2 74
1781 3 53
1781 4 68
1781 5104
1781 6 97
1781 7 73
1781 8 66
1781 9 51
178110 27
178111 67
178112 35
1782 1 54
1782 2 37
1782 3 37
1782 4 41
1782 5 54
1782 6 38
1782 7 37
1782 8 44
1782 9 34
178210 23
178211 31
178212 30
1783 1 28
1783 2 38
1783 3 26
1783 4 28
1783 5 23
1783 6 25
1783 7 32
1783 8 20
1783 9 18
178310  8
178311 15
178312 10
1784 1 13
1784 2  8
1784 3 11
1784 4 10
1784 5  6
1784 6  9
1784 7  6
1784 8 10
1784 9 10
178410  8
178411 17
178412 14
1785 1  6
1785 2  8
1785 3  9
1785 4 15
1785 5 20
1785 6 26
1785 7 36
1785 8 20
1785 9 32
178510 47
178511 40
178512 27
1786 1 37
1786 2 47
1786 3 47
1786 4 85
1786 5 92
1786 6 59
1786 7 83
1786 8 89
1786 9111
178610112
178611116
178612112
1787 1134
1787 2106
1787 3 87
1787 4127
1787 5134
1787 6 99
1787 7128
1787 8137
1787 9157
178710157
178711141
178712174
1788 1138
1788 2129
1788 3143
1788 4108
1788 5113
1788 6154
1788 7141
1788 8136
1788 9141
178810142
178811 94
178812129
1789 1114
1789 2125
1789 3120
1789 4123
1789 5123
1789 6120
1789 7117
1789 8103
1789 9112
178910 89
178911134
178912135
1790 1103
1790 2127
1790 3 96
1790 4 94
1790 5 93
1790 6 91
1790 7 69
1790 8 87
1790 9 77
179010 84
179011 82
179012 74
1791 1 72
1791 2 62
1791 3 74
1791 4 77
1791 5 73
1791 6 64
1791 7 71
1791 8 43
1791 9 66
179110 61
179111 67
179112 66
1792 1 58
1792 2 64
1792 3 63
1792 4 75
1792 5 62
1792 6 61
1792 7 45
1792 8 60
1792 9 59
179210 59
179211 57
179212 56
1793 1 56
1793 2 55
1793 3 55
1793 4 53
1793 5 52
1793 6 51
1793 7 50
1793 8 29
1793 9 24
179310 47
179311 44
179312 45
1794 1 45
1794 2 44
1794 3 38
1794 4 28
1794 5 55
1794 6 41
1794 7 41
1794 8 40
1794 9 11
179410 28
179411 67
179412 51
1795 1 21
1795 2 39
1795 3 12
1795 4 18
1795 5 31
1795 6 17
1795 7 12
1795 8 25
1795 9 13
179510 19
179511 25
179512 18
1796 1 22
1796 2 23
1796 3 15
1796 4 31
1796 5 21
1796 6  6
1796 7 26
1796 8  1
1796 9 18
179610 11
179611  8
179612  5
1797 1 14
1797 2  4
1797 3  4
1797 4  4
1797 5  7
1797 6 11
1797 7  4
1797 8  6
1797 9  5
179710  6
179711  5
179712  3
1798 1  2
1798 2  4
1798 3 12
1798 4  1
1798 5  0
1798 6  0
1798 7  0
1798 8  3
1798 9  2
179810  1
179811 12
179812  9
1799 1  1
1799 2 12
1799 3 21
1799 4  8
1799 5  8
1799 6 10
1799 7  2
1799 8  0
1799 9  0
179910  4
179911  2
179912  8
1800 1  6
1800 2  9
1800 3 13
1800 4  0
1800 5  5
1800 6 23
1800 7 21
1800 8 19
1800 9 11
180010 12
180011 10
180012 40
1801 1 27
1801 2 29
1801 3 30
1801 4 31
1801 5 32
1801 6 31
1801 7 35
1801 8 38
1801 9 33
180110 32
180111 39
180112 48
1802 1 47
1802 2 47
1802 3 40
1802 4 42
1802 5 44
1802 6 46
1802 7 48
1802 8 50
1802 9 51
180210 38
180211 34
180212 50
1803 1 50
1803 2 50
1803 3 29
1803 4 25
1803 5 44
1803 6 36
1803 7 48
1803 8 34
1803 9 45
180310 54
180311 51
180312 48
1804 1 45
1804 2 48
1804 3 48
1804 4 50
1804 5 33
1804 6 34
1804 7 29
1804 8 43
1804 9 53
180410 62
180411 61
180412 60
1805 1 61
1805 2 44
1805 3 51
1805 4 37
1805 5 39
1805 6 40
1805 7 37
1805 8 42
1805 9 44
180510 29
180511 41
180512 38
1806 1 39
1806 2 29
1806 3 32
1806 4 27
1806 5 26
1806 6 25
1806 7 30
1806 8 26
1806 9 24
180610 27
180611 25
180612 24
1807 1 12
1807 2 12
1807 3  9
1807 4 23
1807 5 10
1807 6 12
1807 7 12
1807 8 12
1807 9  5
180710  8
180711  2
180712  0
1808 1  0
1808 2  4
1808 3  0
1808 4 12
1808 5 13
1808 6 13
1808 7  6
1808 8  8
1808 9 11
180810  4
180811 10
180812 12
1809 1  7
1809 2  9
1809 3  0
1809 4  2
1809 5  2
1809 6  7
1809 7  0
1809 8  0
1809 9  0
180910  0
180911  0
180912  0
1810 1  0
1810 2  0
1810 3  0
1810 4  0
1810 5  0
1810 6  0
1810 7  0
1810 8  0
1810 9  0
181010  0
181011  0
181012  0
1811 1  0
1811 2  0
1811 3  0
1811 4  0
1811 5  0
1811 6  0
1811 7  6
1811 8  0
1811 9  2
181110  6
181111  0
181112  1
1812 1 11
1812 2  1
1812 3  0
1812 4  0
1812 5  1
1812 6  1
1812 7  0
1812 8 15
1812 9  5
181210  3
181211  7
181212 10
1813 1  0
1813 2 10
1813 3  1
1813 4 16
1813 5  5
1813 6 11
1813 7 18
1813 8  8
1813 9 15
181310 27
181311 16
181312 14
1814 1 22
1814 2 12
1814 3  5
1814 4 23
1814 5  5
1814 6 14
1814 7 18
1814 8  2
1814 9  8
181410 19
181411 14
181412 20
1815 1 19
1815 2 32
1815 3 26
1815 4 31
1815 5  9
1815 6 55
1815 7 35
1815 8 47
1815 9 31
181510 33
181511 37
181512 65
1816 1 26
1816 2 68
1816 3 73
1816 4 58
1816 5 44
1816 6 43
1816 7 38
1816 8 23
1816 9 47
181610 56
181611 38
181612 29
1817 1 36
1817 2 57
1817 3 96
1817 4 26
1817 5 21
1817 6 40
1817 7 50
1817 8 45
1817 9 36
181710 25
181711 28
181712 28
1818 1 34
1818 2 22
1818 3 25
1818 4 34
1818 5 53
1818 6 36
1818 7 28
1818 8 31
1818 9 26
181810 31
181811 10
181812 25
1819 1 32
1819 2 20
1819 3  3
1819 4 20
1819 5 19
1819 6 35
1819 7 31
1819 8 26
1819 9 14
181910 27
181911 25
181912 30
1820 1 19
1820 2 26
1820 3  4
1820 4 19
1820 5 29
1820 6 10
1820 7 20
1820 8 25
1820 9  5
182010  8
182011  7
182012  9
1821 1 21
1821 2  4
1821 3  5
1821 4  9
1821 5  1
1821 6  1
1821 7  2
1821 8  4
1821 9  4
182110 18
182111  4
182112  0
1822 1  0
1822 2  0
1822 3 16
1822 4 13
1822 5  1
1822 6  5
1822 7  8
1822 8  2
1822 9  0
182210  0
182211  0
182212  0
1823 1  0
1823 2  0
1823 3  0
1823 4  0
1823 5  0
1823 6  0
1823 7  0
1823 8  0
1823 9  0
182310  0
182311  0
182312 20
1824 1 21
1824 2  0
1824 3  0
1824 4 19
1824 5  2
1824 6  0
1824 7  0
1824 8  1
1824 9 20
182410 25
182411  0
182412  0
1825 1  5
1825 2 15
1825 3 22
1825 4  3
1825 5 15
1825 6 15
1825 7 30
1825 8 25
1825 9 15
182510 15
182511 11
182512 22
1826 1 17
1826 2 18
1826 3 36
1826 4 24
1826 5 32
1826 6 37
1826 7 52
1826 8 39
1826 9 18
182610 50
182611 39
182612 68
1827 1 34
1827 2 47
1827 3 57
1827 4 46
1827 5 56
1827 6 56
1827 7 42
1827 8 53
1827 9 49
182710 56
182711 48
182712 46
1828 1 52
1828 2 64
1828 3 65
1828 4 61
1828 5 89
1828 6 98
1828 7 54
1828 8 76
1828 9 50
182810 54
182811 57
182812 46
1829 1 43
1829 2 49
1829 3 72
1829 4 95
1829 5 67
1829 6 73
1829 7 90
1829 8 77
1829 9 52
182910 57
182911 67
182912 56
1830 1 52
1830 2 72
1830 3 84
1830 4106
1830 5 66
1830 6 65
1830 7 43
1830 8 50
1830 9 62
183010 84
183011 81
183012 82
1831 1 47
1831 2 50
1831 3 93
1831 4 54
1831 5 38
1831 6 33
1831 7 45
1831 8 55
1831 9 37
183110 46
183111 43
183112 28
1832 1 30
1832 2 55
1832 3 55
1832 4 26
1832 5 41
1832 6 26
1832 7 14
1832 8  8
1832 9  8
183210 21
183211 14
183212 27
1833 1 11
1833 2 15
1833 3 11
1833 4  2
1833 5 12
1833 6  1
1833 7  7
1833 8  5
1833 9 11
183310  7
183311  5
183312  9
1834 1  4
1834 2 18
1834 3  3
1834 4  1
1834 5  8
1834 6  7
1834 7  8
1834 8  4
1834 9 11
183410 24
183411 30
183412 34
1835 1  7
1835 2 24
1835 3 19
1835 4 61
1835 5 43
1835 6 33
1835 7 59
1835 8 59
1835 9100
183510 95
183511100
183512 77
1836 1 88
1836 2107
1836 3 98
1836 4142
1836 5111
1836 6124
1836 7116
1836 8107
1836 9 95
183610137
183611120
183612206
1837 1188
1837 2175
1837 3134
1837 4138
1837 5111
1837 6158
1837 7162
1837 8134
1837 9 96
183710123
183711107
183712129
1838 1144
1838 2 84
1838 3140
1838 4126
1838 5137
1838 6 94
1838 7108
1838 8 78
1838 9 73
183810 90
183811 77
183812 79
1839 1105
1839 2102
1839 3 77
1839 4 61
1839 5 53
1839 6 54
1839 7 84
1839 8131
1839 9132
183910 90
183911 68
183912 63
1840 1 81
1840 2 87
1840 3 67
1840 4 65
1840 5 69
1840 6 48
1840 7 60
1840 8 57
1840 9 74
184010 55
184011 54
184012 53
1841 1 24
1841 2 29
1841 3 29
1841 4 40
1841 5 67
1841 6 55
1841 7 30
1841 8 39
1841 9 36
184110 28
184111 19
184112 38
1842 1 20
1842 2 22
1842 3 21
1842 4 26
1842 5 24
1842 6 20
1842 7 12
1842 8 26
1842 9 18
184210 38
184211 40
184212 17
1843 1 13
1843 2  3
1843 3  8
1843 4  9
1843 5 21
1843 6 10
1843 7  9
1843 8 11
1843 9  4
184310  5
184311 19
184312 12
1844 1  9
1844 2 14
1844 3 13
1844 4 20
1844 5 11
1844 6  3
1844 7 21
1844 8 23
1844 9  7
184410 21
184411 10
184412 21
1845 1 25
1845 2 43
1845 3 43
1845 4 57
1845 5 47
1845 6 31
1845 7 30
1845 8 32
1845 9 29
184510 40
184511 39
184512 59
1846 1 38
1846 2 51
1846 3 63
1846 4 69
1846 5 60
1846 6 65
1846 7 46
1846 8 54
1846 9107
184610 55
184611 60
184612 65
1847 1 62
1847 2 44
1847 3 85
1847 4 44
1847 5 75
1847 6 85
1847 7 52
1847 8140
1847 9160
184710180
184711138
184712109
1848 1159
1848 2111
1848 3108
1848 4107
1848 5102
1848 6129
1848 7139
1848 8132
1848 9100
184810132
184811114
184812159
1849 1157
1849 2131
1849 3 96
1849 4102
1849 5 80
1849 6 81
1849 7 78
1849 8 67
1849 9 93
184910 71
184911 99
184912 97
1850 1 78
1850 2 89
1850 3 82
1850 4 44
1850 5 61
1850 6 70
1850 7 39
1850 8 61
1850 9 86
185010 71
185011 54
185012 61
1851 1 75
1851 2105
1851 3 64
1851 4 56
1851 5 62
1851 6 63
1851 7 36
1851 8 57
1851 9 67
185110 62
185111 51
185112 71
1852 1 68
1852 2 66
1852 3 61
1852 4 65
1852 5 54
1852 6 46
1852 7 42
1852 8 39
1852 9 37
185210 67
185211 54
185212 45
1853 1 41
1853 2 42
1853 3 37
1853 4 47
1853 5 34
1853 6 40
1853 7 45
1853 8 50
1853 9 33
185310 42
185311 28
185312 23
1854 1 15
1854 2 20
1854 3 20
1854 4 26
1854 5 24
1854 6 21
1854 7 18
1854 8 15
1854 9 22
185410 12
185411 28
185412 21
1855 1 12
1855 2 11
1855 3 17
1855 4  4
1855 5  9
1855 6  5
1855 7  0
1855 8  3
1855 9  0
185510  9
185511  4
185512  3
1856 1  0
1856 2  4
1856 3  0
1856 4  6
1856 5  0
1856 6  5
1856 7  4
1856 8  5
1856 9  4
185610  4
185611  7
185612  7
1857 1 13
1857 2  7
1857 3  5
1857 4 11
1857 5 28
1857 6 16
1857 7 22
1857 8 16
1857 9 42
185710 40
185711 31
185712 37
1858 1 39
1858 2 34
1858 3 57
1858 4 38
1858 5 41
1858 6 44
1858 7 56
1858 8 55
1858 9 80
185810 91
185811 51
185812 66
1859 1 83
1859 2 87
1859 3 90
1859 4 85
1859 5 91
1859 6 87
1859 7 95
1859 8106
1859 9105
185910114
185911 97
185912 81
1860 1 82
1860 2 88
1860 3 98
1860 4 71
1860 5107
1860 6108
1860 7116
1860 8100
1860 9 92
186010 90
186011 97
186012 95
1861 1 62
1861 2 77
1861 3101
1861 4 98
1861 5 56
1861 6 88
1861 7 78
1861 8 82
1861 9 79
186110 67
186111 53
186112 80
1862 1 63
1862 2 64
1862 3 43
1862 4 53
1862 5 64
1862 6 84
1862 7 73
1862 8 62
1862 9 66
186210 41
186211 50
186212 40
1863 1 48
1863 2 56
1863 3 66
1863 4 40
1863 5 53
1863 6 40
1863 7 32
1863 8 48
1863 9 22
186310 39
186311 37
186312 41
1864 1 57
1864 2 47
1864 3 66
1864 4 35
1864 5 40
1864 6 57
1864 7 54
1864 8 54
1864 9 28
186410 33
186411 57
186412 28
1865 1 48
1865 2 39
1865 3 39
1865 4 29
1865 5 34
1865 6 33
1865 7 26
1865 8 37
1865 9 21
186510 17
186511 24
186512 12
1866 1 31
1866 2 38
1866 3 24
1866 4 17
1866 5 12
1866 6 16
1866 7  9
1866 8 12
1866 9  7
186610 14
186611  9
186612  1
1867 1  0
1867 2  0
1867 3  9
1867 4  5
1867 5  2
1867 6  1
1867 7  5
1867 8  4
1867 9  9
186710 13
186711  9
186712 25
1868 1 15
1868 2 15
1868 3 26
1868 4 36
1868 5 26
1868 6 31
1868 7 29
1868 8 34
1868 9 47
186810 61
186811 59
186812 67
1869 1 60
1869 2 59
1869 3 52
1869 4 41
1869 5103
1869 6108
1869 7 59
1869 8 79
1869 9 80
186910 59
186911 78
186912104
1870 1 77
1870 2114
1870 3157
1870 4160
1870 5176
1870 6135
1870 7132
1870 8153
1870 9136
187010146
187011147
187012130
1871 1 88
1871 2125
1871 3143
1871 4162
1871 5145
1871 6 91
1871 7103
1871 8110
1871 9 80
187110 89
187111105
187112 90
1872 1 79
1872 2120
1872 3 88
1872 4102
1872 5107
1872 6109
1872 7105
1872 8 92
1872 9114
187210102
187211112
187212 83
1873 1 86
1873 2107
1873 3 98
1873 4 76
1873 5 47
1873 6 44
1873 7 66
1873 8 68
1873 9 47
187310 47
187311 55
187312 49
1874 1 60
1874 2 64
1874 3 46
1874 4 32
1874 5 44
1874 6 38
1874 7 67
1874 8 61
1874 9 28
187410 34
187411 28
187412 29
1875 1 14
1875 2 21
1875 3 33
1875 4 29
1875 5 11
1875 6 23
1875 7 12
1875 8 14
1875 9  2
187510 12
187511 17
187512  9
1876 1 14
1876 2 15
1876 3 30
1876 4  2
1876 5  5
1876 6  1
1876 7 15
1876 8  8
1876 9  9
187610 14
187611  9
187612  8
1877 1 24
1877 2  8
1877 3 11
1877 4 15
1877 5 21
1877 6 14
1877 7  6
1877 8  6
1877 9 16
187710  6
187711 14
187712  2
1878 1  3
1878 2  6
1878 3  7
1878 4  0
1878 5  5
1878 6  6
1878 7  0
1878 8  0
1878 9  5
187810  1
187811  4
187812  0
1879 1  1
1879 2  0
1879 3  0
1879 4  6
1879 5  2
1879 6  4
1879 7  7
1879 8 10
1879 9  6
187910 12
187911 13
187912  7
1880 1 24
1880 2 27
1880 3 19
1880 4 19
1880 5 23
1880 6 34
1880 7 21
1880 8 48
1880 9 66
188010 43
188011 30
188012 29
1881 1 36
1881 2 53
1881 3 51
1881 4 51
1881 5 43
1881 6 60
1881 7 76
1881 8 58
1881 9 53
188110 64
188111 54
188112 47
1882 1 45
1882 2 69
1882 3 66
1882 4 95
1882 5 64
1882 6 45
1882 7 45
1882 8 40
1882 9 57
188210 59
188211 84
188212 41
1883 1 60
1883 2 46
1883 3 42
1883 4 82
1883 5 31
1883 6 76
1883 7 80
1883 8 46
1883 9 52
188310 83
188311 84
188312 75
1884 1 91
1884 2 86
1884 3 87
1884 4 76
1884 5 66
1884 6 51
1884 7 53
1884 8 55
1884 9 61
188410 47
188411 36
188412 47
1885 1 42
1885 2 71
1885 3 49
1885 4 55
1885 5 73
1885 6 83
1885 7 66
1885 8 50
1885 9 39
188510 38
188511 30
188512 21
1886 1 29
1886 2 25
1886 3 57
1886 4 43
1886 5 30
1886 6 27
1886 7 30
1886 8 16
1886 9 21
188610  8
188611  0
188612 13
1887 1 10
1887 2 13
1887 3  4
1887 4  6
1887 5 20
1887 6 15
1887 7 23
1887 8 21
1887 9  7
188710  6
188711  6
188712 20
1888 1 12
1888 2  7
1888 3  7
1888 4  5
1888 5  7
1888 6  7
1888 7  3
1888 8  2
1888 9  8
188810  2
188811 10
188812  6
1889 1  0
1889 2  8
1889 3  6
1889 4  4
1889 5  2
1889 6  6
1889 7  9
1889 8 20
1889 9  6
188910  2
188911  0
188912  6
1890 1  5
1890 2  0
1890 3  5
1890 4  1
1890 5  4
1890 6  1
1890 7 11
1890 8  8
1890 9 17
189010 11
189011  9
189012  7
1891 1 13
1891 2 22
1891 3 10
1891 4 20
1891 5 41
1891 6 48
1891 7 58
1891 8 33
1891 9 53
189110 51
189111 41
189112 32
1892 1 69
1892 2 75
1892 3 49
1892 4 69
1892 5 79
1892 6 76
1892 7 76
1892 8101
1892 9 62
189210 70
189211 65
189212 78
1893 1 75
1893 2 73
1893 3 65
1893 4 88
1893 5 84
1893 6 89
1893 7 88
1893 8129
1893 9 77
189310 80
189311 75
189312 93
1894 1 83
1894 2 84
1894 3 52
1894 4 81
1894 5101
1894 6 98
1894 7106
1894 8 70
1894 9 65
189410 75
189411 56
189412 60
1895 1 63
1895 2 67
1895 3 61
1895 4 76
1895 5 67
1895 6 71
1895 7 47
1895 8 68
1895 9 57
189510 67
189511 47
189512 70
1896 1 29
1896 2 57
1896 3 52
1896 4 43
1896 5 27
1896 6 49
1896 7 45
1896 8 27
1896 9 61
189610 28
189611 38
189612 42
1897 1 40
1897 2 29
1897 3 29
1897 4 31
1897 5 20
1897 6 11
1897 7 27
1897 8 21
1897 9 48
189710 14
189711  8
189712 33
1898 1 30
1898 2 36
1898 3 38
1898 4 14
1898 5 25
1898 6 22
1898 7  9
1898 8 31
1898 9 34
189810 34
189811 30
189812 12
1899 1 19
1899 2  9
1899 3 18
1899 4 14
1899 5  7
1899 6 20
1899 7 13
1899 8  2
1899 9  8
189910 13
189911  7
189912 10
1900 1  9
1900 2 13
1900 3  8
1900 4 16
1900 5 15
1900 6 12
1900 7  8
1900 8  4
1900 9  8
190010 12
190011  4
190012  0
1901 1  0
1901 2  2
1901 3  4
1901 4  0
1901 5 10
1901 6  5
1901 7  0
1901 8  1
1901 9  0
190110  3
190111  3
190112  0
1902 1  5
1902 2  0
1902 3 12
1902 4  0
1902 5  2
1902 6  1
1902 7  0
1902 8  2
1902 9  7
190210 16
190211 10
190212  1
1903 1  8
1903 2 17
1903 3 13
1903 4 26
1903 5 14
1903 6 16
1903 7 27
1903 8 28
1903 9 11
190310 38
190311 44
190312 45
1904 1 31
1904 2 24
1904 3 37
1904 4 43
1904 5 39
1904 6 41
1904 7 50
1904 8 58
1904 9 30
190410 54
190411 38
190412 54
1905 1 54
1905 2 85
1905 3 56
1905 4 39
1905 5 48
1905 6 49
1905 7 73
1905 8 58
1905 9 55
190510 78
190511107
190512 55
1906 1 45
1906 2 31
1906 3 64
1906 4 55
1906 5 57
1906 6 63
1906 7103
1906 8 47
1906 9 56
190610 17
190611 38
190612 64
1907 1 76
1907 2108
1907 3 60
1907 4 52
1907 5 42
1907 6 40
1907 7 49
1907 8 54
1907 9 85
190710 65
190711 61
190712 47
1908 1 39
1908 2 33
1908 3 28
1908 4 57
1908 5 40
1908 6 48
1908 7 39
1908 8 90
1908 9 86
190810 32
190811 45
190812 39
1909 1 56
1909 2 46
1909 3 66
1909 4 32
1909 5 36
1909 6 22
1909 7 35
1909 8 23
1909 9 38
190910 58
190911 55
190912 54
1910 1 26
1910 2 31
1910 3 21
1910 4  8
1910 5 22
1910 6 12
1910 7 14
1910 8 11
1910 9 26
191010 38
191011  4
191012  5
1911 1  3
1911 2  9
1911 3  7
1911 4 16
1911 5  9
1911 6  2
1911 7  3
1911 8  4
1911 9  4
191110  2
191111  4
191112  2
1912 1  0
1912 2  0
1912 3  4
1912 4  4
1912 5  4
1912 6  4
1912 7  3
1912 8  0
1912 9  9
191210  4
191211  1
191212  6
1913 1  2
1913 2  2
1913 3  0
1913 4  0
1913 5  0
1913 6  0
1913 7  1
1913 8  0
1913 9  1
191310  3
191311  0
191312  3
1914 1  2
1914 2  2
1914 3  3
1914 4 17
1914 5  5
1914 6 11
1914 7  5
1914 8  7
1914 9 12
191410  8
191411 16
191412 22
1915 1 23
1915 2 42
1915 3 38
1915 4 41
1915 5 33
1915 6 68
1915 7 71
1915 8 69
1915 9 49
191510 53
191511 42
191512 34
1916 1 45
1916 2 55
1916 3 67
1916 4 71
1916 5 74
1916 6 67
1916 7 53
1916 8 35
1916 9 45
191610 50
191611 65
191612 53
1917 1 74
1917 2 71
1917 3 94
1917 4 74
1917 5114
1917 6114
1917 7119
1917 8154
1917 9129
191710 72
191711 96
191712129
1918 1 96
1918 2 65
1918 3 72
1918 4 80
1918 5 76
1918 6 59
1918 7107
1918 8101
1918 9 79
191810 85
191811 83
191812 59
1919 1 48
1919 2 79
1919 3 66
1919 4 51
1919 5 88
1919 6111
1919 7 64
1919 8 69
1919 9 54
191910 52
191911 42
191912 34
1920 1 51
1920 2 53
1920 3 70
1920 4 14
1920 5 33
1920 6 38
1920 7 27
1920 8 19
1920 9 36
192010 49
192011 27
192012 29
1921 1 31
1921 2 28
1921 3 26
1921 4 32
1921 5 22
1921 6 33
1921 7 41
1921 8 22
1921 9 17
192110 18
192111 17
192112 20
1922 1 11
1922 2 26
1922 3 54
1922 4 11
1922 5  8
1922 6  5
1922 7 10
1922 8  6
1922 9  4
192210  6
192211  7
192212 17
1923 1  4
1923 2  1
1923 3  3
1923 4  6
1923 5  3
1923 6  9
1923 7  3
1923 8  0
1923 9 13
192310 11
192311 10
192312  2
1924 1  0
1924 2  5
1924 3  1
1924 4 11
1924 5 20
1924 6 24
1924 7 28
1924 8 19
1924 9 25
192410 25
192411 22
192412 16
1925 1  5
1925 2 23
1925 3 18
1925 4 31
1925 5 42
1925 6 47
1925 7 38
1925 8 37
1925 9 60
192510 69
192511 58
192512 98
1926 1 71
1926 2 69
1926 3 62
1926 4 38
1926 5 64
1926 6 73
1926 7 52
1926 8 61
1926 9 60
192610 71
192611 60
192612 79
1927 1 81
1927 2 93
1927 3 69
1927 4 93
1927 5 79
1927 6 59
1927 7 54
1927 8 53
1927 9 68
192710 63
192711 67
192712 45
1928 1 83
1928 2 73
1928 3 85
1928 4 80
1928 5 77
1928 6 91
1928 7 98
1928 8 83
1928 9 89
192810 61
192811 50
192812 59
1929 1 68
1929 2 62
1929 3 50
1929 4 52
1929 5 58
1929 6 71
1929 7 70
1929 8 65
1929 9 34
192910 54
192911 81
192912108
1930 1 65
1930 2 49
1930 3 35
1930 4 38
1930 5 36
1930 6 28
1930 7 21
1930 8 24
1930 9 32
193010 34
193011 35
193012 25
1931 1 14
1931 2 43
1931 3 30
1931 4 31
1931 5 24
1931 6 15
1931 7 17
1931 8 13
1931 9 19
193110 10
193111 18
193112 17
1932 1 12
1932 2 10
1932 3 11
1932 4 11
1932 5 17
1932 6 22
1932 7  9
1932 8  6
1932 9  4
193210  8
193211  8
193212 11
1933 1 12
1933 2 22
1933 3 10
1933 4  2
1933 5  3
1933 6  5
1933 7  2
1933 8  0
1933 9  5
193310  3
193311  0
193312  0
1934 1  3
1934 2  7
1934 3  4
1934 4 11
1934 5 19
1934 6  6
1934 7  9
1934 8  8
1934 9  4
193410  5
193411  8
193412 15
1935 1 18
1935 2 20
1935 3 23
1935 4 12
1935 5 27
1935 6 45
1935 7 33
1935 8 30
1935 9 42
193510 53
193511 64
193512 61
1936 1 62
1936 2 74
1936 3 77
1936 4 74
1936 5 54
1936 6 70
1936 7 52
1936 8 87
1936 9 76
193610 89
193611115
193612123
1937 1132
1937 2128
1937 3 83
1937 4109
1937 5116
1937 6130
1937 7145
1937 8137
1937 9100
193710124
193711 74
193712 88
1938 1 98
1938 2119
1938 3 86
1938 4101
1938 5127
1938 6 97
1938 7165
1938 8115
1938 9 89
193810 99
193811122
193812 92
1939 1 80
1939 2 77
1939 3 64
1939 4109
1939 5118
1939 6101
1939 7 97
1939 8105
1939 9112
193910 88
193911 68
193912 42
1940 1 50
1940 2 59
1940 3 83
1940 4 60
1940 5 54
1940 6 83
1940 7 67
1940 8105
1940 9 66
194010 55
194011 58
194012 68
1941 1 45
1941 2 44
1941 3 46
1941 4 32
1941 5 29
1941 6 59
1941 7 66
1941 8 60
1941 9 65
194110 46
194111 38
194112 33
1942 1 35
1942 2 52
1942 3 54
1942 4 60
1942 5 25
1942 6 11
1942 7 17
1942 8 20
1942 9 17
194210 19
194211 30
194212 22
1943 1 12
1943 2 28
1943 3 27
1943 4 26
1943 5 14
1943 6  7
1943 7 13
1943 8 19
1943 9 10
194310  7
194311 10
194312 18
1944 1  3
1944 2  0
1944 3 11
1944 4  0
1944 5  2
1944 6  5
1944 7  5
1944 8 16
1944 9 14
194410 16
194411 10
194412 28
1945 1 18
1945 2 12
1945 3 21
1945 4 32
1945 5 30
1945 6 36
1945 7 42
1945 8 25
1945 9 34
194510 68
194511 46
194512 27
1946 1 47
1946 2 86
1946 3 76
1946 4 75
1946 5 84
1946 6 73
1946 7116
1946 8107
1946 9 94
194610102
194611123
194612121
1947 1115
1947 2133
1947 3129
1947 4149
1947 5201
1947 6163
1947 7157
1947 8188
1947 9169
194710163
194711128
194712116
1948 1108
1948 2 86
1948 3 94
1948 4189
1948 5174
1948 6167
1948 7142
1948 8157
1948 9143
194810136
194811 95
194812138
1949 1119
1949 2182
1949 3157
1949 4147
1949 5106
1949 6121
1949 7125
1949 8123
1949 9145
194910131
194911143
194912117
1950 1101
1950 2 94
1950 3109
1950 4113
1950 5106
1950 6 83
1950 7 91
1950 8 85
1950 9 51
195010 61
195011 54
195012 54
1951 1 59
1951 2 59
1951 3 55
1951 4 92
1951 5108
1951 6100
1951 7 61
1951 8 61
1951 9 83
195110 51
195111 52
195112 45
1952 1 40
1952 2 22
1952 3 22
1952 4 29
1952 5 23
1952 6 36
1952 7 39
1952 8 54
1952 9 28
195210 23
195211 22
195212 34
1953 1 26
1953 2  3
1953 3 10
1953 4 27
1953 5 12
1953 6 21
1953 7  8
1953 8 23
1953 9 19
195310  8
195311  1
195312  2
1954 1  0
1954 2  0
1954 3 10
1954 4  1
1954 5  0
1954 6  0
1954 7  4
1954 8  8
1954 9  1
195410  7
195411  9
195412  7
1955 1 23
1955 2 20
1955 3  4
1955 4 11
1955 5 28
1955 6 31
1955 7 26
1955 8 40
1955 9 42
195510 58
195511 89
195512 76
1956 1 73
1956 2124
1956 3118
1956 4110
1956 5136
1956 6116
1956 7129
1956 8169
1956 9173
195610155
195611201
195612192
1957 1165
1957 2130
1957 3157
1957 4175
1957 5164
1957 6200
1957 7187
1957 8158
1957 9235
195710253
195711210
195712239
1958 1202
1958 2164
1958 3190
1958 4196
1958 5175
1958 6171
1958 7191
1958 8200
1958 9201
195810181
195811152
195812187
1959 1217
1959 2143
1959 3185
1959 4163
1959 5172
1959 6168
1959 7149
1959 8199
1959 9145
195910111
195911124
195912125
1960 1146
1960 2106
1960 3102
1960 4122
1960 5119
1960 6110
1960 7121
1960 8134
1960 9127
196010 82
196011 89
196012 85
1961 1 57
1961 2 46
1961 3 53
1961 4 61
1961 5 51
1961 6 77
1961 7 70
1961 8 55
1961 9 63
196110 37
196111 32
196112 39
1962 1 38
1962 2 50
1962 3 45
1962 4 46
1962 5 43
1962 6 42
1962 7 21
1962 8 21
1962 9 51
196210 39
196211 26
196212 23
1963 1 19
1963 2 24
1963 3 17
1963 4 29
1963 5 43
1963 6 35
1963 7 19
1963 8 33
1963 9 38
196310 35
196311 23
196312 14
1964 1 15
1964 2 17
1964 3 16
1964 4  8
1964 5  9
1964 6  9
1964 7  3
1964 8  9
1964 9  4
196410  6
196411  7
196412 15
1965 1 17
1965 2 14
1965 3 11
1965 4  6
1965 5 24
1965 6 15
1965 7 11
1965 8  8
1965 9 16
196510 20
196511 15
196512 17
1966 1 28
1966 2 24
1966 3 25
1966 4 48
1966 5 45
1966 6 47
1966 7 56
1966 8 51
1966 9 50
196610 57
196611 57
196612 70
1967 1110
1967 2 93
1967 3111
1967 4 69
1967 5 86
1967 6 67
1967 7 91
1967 8107
1967 9 76
196710 88
196711 94
196712126
1968 1121
1968 2111
1968 3 92
1968 4 81
1968 5127
1968 6110
1968 7 96
1968 8109
1968 9117
196810107
196811 86
196812109
1969 1104
1969 2120
1969 3135
1969 4106
1969 5120
1969 6106
1969 7 96
1969 8 98
1969 9 91
196910 95
196911 93
196912 97
1970 1111
1970 2127
1970 3102
1970 4109
1970 5127
1970 6106
1970 7112
1970 8 93
1970 9 99
197010 86
197011 95
197012 83
1971 1 91
1971 2 79
1971 3 60
1971 4 71
1971 5 57
1971 6 49
1971 7 81
1971 8 61
1971 9 50
197110 51
197111 63
197112 82
1972 1 61
1972 2 88
1972 3 80
1972 4 63
1972 5 80
1972 6 88
1972 7 76
1972 8 76
1972 9 64
197210 61
197211 41
197212 45
1973 1 43
1973 2 42
1973 3 46
1973 4 57
1973 5 42
1973 6 39
1973 7 23
1973 8 25
1973 9 59
197310 30
197311 23
197312 23
1974 1 27
1974 2 26
1974 3 21
1974 4 40
1974 5 39
1974 6 36
1974 7 55
1974 8 33
1974 9 40
197410 47
197411 25
197412 20
1975 1 18
1975 2 11
1975 3 11
1975 4  5
1975 5  9
1975 6 11
1975 7 28
1975 8 39
1975 9 13
197510  9
197511 19
197512  7
1976 1  8
1976 2  4
1976 3 21
1976 4 18
1976 5 12
1976 6 12
1976 7  1
1976 8 16
1976 9 13
197610 20
197611  5
197612 15
1977 1 16
1977 2 23
1977 3  8
1977 4 12
1977 5 18
1977 6 38
1977 7 21
1977 8 30
1977 9 44
197710 43
197711 29
197712 43
1978 1 51
1978 2 93
1978 3 76
1978 4 99
1978 5 82
1978 6 95
1978 7 70
1978 8 58
1978 9138
197810125
197811 97
197812122
1979 1166
1979 2137
1979 3138
1979 4101
1979 5134
1979 6149
1979 7159
1979 8142
1979 9188
197910186
197911183
197912176
1980 1159
1980 2155
1980 3126
1980 4164
1980 5179
1980 6157
1980 7136
1980 8135
1980 9155
198010164
198011147
198012174
1981 1114
1981 2141
1981 3135
1981 4156
1981 5127
1981 6 90
1981 7143
1981 8158
1981 9167
198110162
198111137
198112150
1982 1111
1982 2163
1982 3153
1982 4122
1982 5 82
1982 6110
1982 7106
1982 8107
1982 9118
198210 94
198211 98
198212127
1983 1 84
1983 2 51
1983 3 66
1983 4 80
1983 5 99
1983 6 91
1983 7 82
1983 8 71
1983 9 50
198310 55
198311 33
198312 33
1984 1 57
1984 2 85
1984 3 83
1984 4 69
1984 5 76
1984 6 46
1984 7 37
1984 8 25
1984 9 15
198410 12
198411 22
198412 18
1985 1 16
1985 2 15
1985 3 17
1985 4 16
1985 5 27
1985 6 24
1985 7 30
1985 8 11
1985 9  3
198510 18
198511 16
198512 17
1986 1  2
1986 2 23
1986 3 15
1986 4 18
1986 5 13
1986 6  1
1986 7 18
1986 8  7
1986 9  3
198610 35
198611 15
198612  6
1987 1 10
1987 2  2
1987 3 14
1987 4 39
1987 5 33
1987 6 17
1987 7 33
1987 8 38
1987 9 33
198710 60
198711 39
198712 27
1988 1 59
1988 2 40
1988 3 76
1988 4 88
1988 5 60
1988 6101
1988 7113
1988 8111
1988 9120
198810125
198811125
198812179
1989 1161
1989 2165
1989 3131
1989 4130
1989 5138
1989 6196
1989 7126
1989 8168
1989 9176
198910159
198911173
198912165
1990 1177
1990 2130
1990 3140
1990 4140
1990 5132
1990 6105
1990 7149
1990 8200
1990 9125
199010145
199011131
199012129
1991 1136
1991 2167
1991 3141
1991 4140
1991 5121
1991 6169
1991 7173
1991 8176
1991 9125
199110144
199111108
199112144
1992 1150
1992 2161
1992 3106
1992 4 99
1992 5 73
1992 6 65
1992 7 85
1992 8 64
1992 9 63
199210 88
199211 91
199212 82
1993 1 59
1993 2 91
1993 3 69
1993 4 62
1993 5 61
1993 6 49
1993 7 57
1993 8 42
1993 9 22
199310 56
199311 35
199312 48
1994 1 57
1994 2 35
1994 3 31
1994 4 16
1994 5 17
1994 6 28
1994 7 35
1994 8 22
1994 9 25
199410 44
199411 18
199412 26
1995 1 24
1995 2 29
1995 3 31
1995 4 14
1995 5 14
1995 6 15
1995 7 14
1995 8 14
1995 9 11
199510 21
199511  9
199512 10
1996 1 11
1996 2  4
1996 3  9
1996 4  4
1996 5  5
1996 6 11
1996 7  8
1996 8 14
1996 9  1
199610  0
199611 17
199612 13
1997 1  5
1997 2  7
1997 3  8
1997 4 15
1997 5 18
1997 6 12
1997 7 10
1997 8 24
1997 9 51
199710 22
199711 39
199712 41
1998 1 31
1998 2 40
1998 3 54
1998 4 53
1998 5 56
1998 6 70
1998 7 66
1998 8 92
1998 9 92
199810 55
199811 74
199812 81
1999 1 62
1999 2 66
1999 3 68
1999 4 63
1999 5106
1999 6137
1999 7113
1999 8 93
1999 9 71
199910116
199911133
199912 84
2000 1 90
2000 2112
2000 3138
2000 4125
2000 5121
2000 6124
2000 7170
2000 8130
2000 9109
200010 99
200011106
200012104
2001 1 95
2001 2 80
2001 3113
2001 4107
2001 5 96
2001 6134
2001 7 81
2001 8106
2001 9150
200110125
200111106
200112132
2002 1114
2002 2107
2002 3 98
2002 4120
2002 5120
2002 6 88
2002 7 99
2002 8116
2002 9109
200210 97
200211 95
200212 80
2003 1 79
2003 2 46
2003 3 61
2003 4 60
2003 5 54
2003 6 77
2003 7 83
2003 8 72
2003 9 48
200310 65
200311 67
200312 46
2004 1 37
2004 2 45
2004 3 49
2004 4 39
2004 5 41
2004 6 43
2004 7 51
2004 8 40
2004 9 27
200410 48
200411 43
200412 17
2005 1 31
2005 2 29
2005 3 24
2005 4 24
2005 5 42
2005 6 39
2005 7 40
2005 8 36
2005 9 21
200510  8
200511 18
200512 41
2006 1 15
2006 2  4
2006 3 10
2006 4 30
2006 5 22
2006 6 13
2006 7 12
2006 8 12
2006 9 14
200610 10
200611 21
200612 13
2007 1 16
2007 2 10
2007 3  4
2007 4  3
2007 5 11
2007 6 12
2007 7  9
2007 8  6
2007 9  2
200710  0
200711  1
200712 10
2008 1  3
2008 2  2
2008 3  9
2008 4  2
2008 5  3
2008 6  3
2008 7  0
2008 8  0
2008 9  1
200810  2
200811  4
200812  0
2009 1  1
2009 2  1
2009 3  0
2009 4  0
2009 5  2
2009 6  2
2009 7  3
2009 8  0
2009 9  4
200910  4
200911  4
200912 10
2010 1 13
2010 2 18
2010 3 15
2010 4  8
2010 5  8
2010 6 13
2010 7 16
2010 8 19
2010 9 25
201010 23
201011 21
201012 14
2011 1 18
2011 2 29
2011 3 55
2011 4 54
2011 5 41
2011 6 37
2011 7 43
2011 8 50
2011 9 78
201110 88
201111 96
201112 73
2012 1 58
2012 2 32
2012 3 64
2012 4 55
2012 5 69
2012 6 64
2012 7 66
2012 8 63
2012 9 61
201210 53
201211 61
201212 40
2013 1 62
2013 2 38
2013 3 57
2013 4 72
2013 5 78
2013 6 52
2013 7 57
2013 8 66
2013 9 37
201310 85
201311 77
201312 90
2014 1 82
2014 2102
2014 3 92
2014 4 84
